0.0000000 0.000000
0.0000000 0.500000
0.0000000 0.500000
0.5000000 0.000000
0.5000000 1.000000
1.0000000 0.500000
0.0100000 0.020000
0.5000000 0.500000
0.1000000 0.120000
0.2500000 0.650000
0.3000000 0.300000
0.1500000 0.150000
0.7500000 0.250000
0.2200000 0.250000
0.7500000 0.750000
0.1800000 0.150000
0.2500000 0.750000
0.2400000 0.240000
0.7500000 0.240000
0.4500000 0.500000
0.4000000 0.200000
0.5000000 0.200000
0.4000000 0.100000
0.4000000 0.300000
0.5000000 0.100000
0.6000000 0.300000
0.6500000 0.500000
0.7000000 0.200000
0.8000000 0.200000
0.8500000 0.100000
0.9000000 0.300000
0.9600000 0.100000
0.6100000 0.300000
0.4400000 0.510000
0.4200000 0.220000
0.5100000 0.200000
0.4000000 0.120000
0.4900000 0.300000
0.5000000 0.180000
0.6700000 0.300000
0.6500000 0.560000
0.7500000 0.200000
0.8000000 0.240000
0.8000000 0.810000
0.8400000 0.130000
0.8500000 0.850000
0.9000000 0.320000
0.9000000 0.900000
0.9600000 0.110000
0.9500000 0.950000
0.6100000 0.370000
0.449219 0.486328
0.685547 0.302734
0.281250 0.771484
0.785156 0.658203
0.529297 0.699219
0.193359 0.306641
0.050781 0.460938
0.195313 0.904297
0.289063 0.880859
0.326172 0.576172
0.306641 0.185547
0.220703 0.390625
0.074219 0.224609
0.082031 0.601563
0.621094 0.802734
0.714844 0.154297
0.917969 0.466797